
int melody[] = { 
0, 0, 494, 415, 0, 349, 349, 415, 494, 415, 0, 0, 494, 415, 0, 349, 349, 415, 494, 415, 0, 622, 622, 622, 622, 622, 622, 554, 494, 415, 415, 622, 554, 554, 415, 415, 370, 0, 554, 554, 622, 494, 466, 466, 415, 415, 415, 622, 554, 494, 415, 415, 622, 554, 554, 415, 415, 370, 0, 554, 554, 622, 494, 466, 466, 208, 466, 208, 466, 208, 466, 278, 311, 311, 278, 311, 0, 247, 278, 278, 247, 278, 0, 247, 278, 278, 247, 278, 278, 247, 278, 247, 278, 311, 278, 247, 208, 278, 311, 311, 278, 311, 0, 247, 278, 278, 247, 278, 0, 247, 278, 278, 247, 278, 247, 208, 208, 278, 247, 278, 311, 278, 247, 208, 311, 311, 278, 278, 311, 415, 311, 311, 247, 0, 208, 208, 208, 208, 278, 247, 233, 208, 311, 311, 278, 278, 311, 415, 311, 278, 247, 0, 208, 208, 208, 208, 278, 247, 233, 208, 278, 311, 311, 278, 311, 208, 247, 278, 278, 247, 278, 185, 247, 278, 278, 247, 278, 185, 278, 247, 278, 311, 278, 247, 208, 278, 311, 311, 278, 311, 208, 247, 278, 278, 247, 278, 185, 247, 278, 278, 247, 278, 247, 185, 278, 247, 278, 311, 278, 247, 208, 311, 311, 278, 278, 311, 415, 311, 311, 247, 0, 208, 208, 208, 208, 278, 247, 233, 208, 311, 311, 278, 278, 311, 415, 311, 278, 247, 0, 208, 208, 208, 208, 0, 622, 622, 622, 622, 622, 622, 554, 494, 415, 415, 622, 554, 554, 415, 415, 370, 0, 554, 554, 622, 494, 466, 466, 415, 415, 415, 622, 554, 494, 415, 415, 622, 554, 554, 415, 415, 370, 0, 554, 554, 622, 494, 415, 415, 415, 415, 415, 0 
};
int noteDurations[] = { 
1776, 444, 1332, 888, 888, 222, 222, 444, 444, 444, 1776, 444, 1332, 888, 888, 222, 222, 444, 444, 444, 444, 444, 222, 222, 222, 222, 444, 444, 444, 222, 222, 222, 444, 444, 222, 222, 222, 444, 888, 222, 222, 444, 444, 222, 222, 222, 222, 444, 444, 444, 222, 222, 222, 444, 444, 222, 222, 222, 444, 888, 222, 222, 444, 444, 222, 222, 222, 222, 222, 222, 222, 222, 222, 222, 222, 444, 444, 222, 222, 222, 222, 444, 444, 222, 222, 222, 222, 444, 222, 222, 222, 222, 222, 222, 222, 222, 444, 222, 222, 222, 222, 444, 444, 222, 222, 222, 222, 444, 444, 222, 222, 222, 222, 222, 222, 222, 222, 222, 222, 222, 222, 222, 222, 444, 222, 222, 222, 222, 444, 444, 444, 888, 444, 222, 222, 444, 444, 444, 444, 444, 444, 444, 222, 222, 222, 222, 444, 444, 444, 888, 444, 222, 222, 444, 444, 444, 444, 444, 444, 444, 222, 222, 222, 222, 444, 444, 222, 222, 222, 222, 444, 444, 222, 222, 222, 222, 444, 444, 222, 222, 222, 222, 222, 222, 444, 222, 222, 222, 222, 444, 444, 222, 222, 222, 222, 444, 444, 222, 222, 222, 222, 222, 222, 444, 222, 222, 222, 222, 222, 222, 444, 222, 222, 222, 222, 444, 444, 444, 888, 444, 222, 222, 444, 444, 444, 444, 444, 444, 444, 222, 222, 222, 222, 444, 444, 444, 888, 444, 222, 222, 444, 444, 444, 444, 444, 222, 222, 222, 222, 444, 444, 444, 222, 222, 222, 444, 444, 222, 222, 222, 444, 888, 222, 222, 444, 444, 222, 222, 222, 222, 444, 444, 444, 222, 222, 222, 444, 444, 222, 222, 222, 444, 888, 222, 222, 444, 444, 222, 222, 222, 222, 0 
};

void setup() {
  
  for (int thisNote = 0; thisNote < sizeof(melody) / sizeof(int); thisNote++)
  {    
    tone(11, melody[thisNote], noteDurations[thisNote] * .7);    
    delay(noteDurations[thisNote]);    
    noTone(11);
  }
}

void loop() {
  // no need to repeat the melody.
}
